$ANSIBLE_VAULT;1.1;AES256
38356439303961396135613236643863393930646461666637393766373233623264666638326435
3231393837313135383863646638303137366463636263640a303962623538323037646463633761
65313863623563626234376566396335323236373331353631636461376330656535353834366139
6133333834366233360a366135626331326630333161366439393334646134323433643339333663
34613463643131303034376361623338336633636634376261333132333131613933633532383437
36393239353161373261353633363135353461313138303564313035323533623530623064366532
64313430633837366164616131636439613363663466353534303936343230373565383036366532
31323263306263333931386263366230366665653865633732393864386162343363396237353761
35376334336462366165393263636663646632653238653039643631653333633539346536373262
37643436323431353161303861623363393530656330643864336436646438666661313864623135
61363639373463643866656639396539353835623562396265373565366363633331373934626339
31343239626232663038613235663435623733333564623136656239383330336135613939363262
63333437303264383132313736656432366638346139333738383634343131363234393164343031
35613737363965306137613638653837336463316665323063316236323265343630323061613965
35383935356538653766353436613762333362353534653031623063646237663839633731373639
66333561366536663234386466376134613638613731616432383863343233613062306236366232
64396633383365396436623638653866666633363734376236653031306565626463616464363135
30383537653933646130393561303366613636633166313938326466383136643266613638346461
65323339613566316432326339663261313163656566383261613762373262643535663132333232
64376336613434636266323061613232323738633532383435623366323032623564666531343165
32613964643738636235323735373962353239386234316666643037393866366162343066343466
36633739623536323037333436373130383964646339653961376337656235623564333138343663
31343330393465366239663862313561396233616137393238613863323635666233633465393637
33353635633363326335
